2b20
2020
2020
2020
2020
2020
2020
2020
2020
2020
2020
2020
2020
2020
2020
2020
2020
2020
2020
2020
2020
2020
2020
2020
2020
2020
2020
2020
2020
2020
2020
2020
2020
2020
2020
2020
2020
2020
2020
202b
2020
2020
2020
2020
2020
2020
2020
2020
2020
2020
2020
2020
2020
2020
2020
2020
2020
2020
2020
2020
2020
2020
2020
2020
2020
2020
2020
2020
2020
2020
2020
2020
2020
2020
2020
2020
2020
2020
2020
2020
2020
2020
2020
2020
2020
2020
2020
2020
2020
2020
2020
2020
2020
2020
2020
2020
2020
2020
2020
2020
2020
2020
2020
2020
2020
2020
2020
2020
2020
2020
2020
2020
2020
2020
2020
2020
2020
2020
2020
2020
2020
2020
2020
2020
2020
2020
2020
2020
2020
2020
2020
2020
2020
2020
2020
2020
2020
2020
2020
2020
2020
2020
2020
2020
2020
2020
2020
2020
2020
2020
2020
2020
2020
2020
2020
2020
2020
2020
2020
2020
2020
2020
2020
2020
2020
2020
2020
2020
2020
2020
2020
2020
2020
2020
2020
2020
2020
2020
2020
2020
2020
2020
2020
2020
2020
2020
2020
2020
2020
2020
2020
2020
2020
2020
2020
2020
2020
2020
2020
2020
2020
2020
2020
2020
2020
2020
2020
2020
2020
2020
2020
2020
2020
2020
2020
2020
2020
2020
2020
2020
2020
2020
2020
2020
2020
2020
2020
2020
2020
2020
2020
2020
2020
2020
2020
2020
2020
2020
2020
2020
2020
2020
2020
2020
2020
2020
2020
2020
2020
2020
2020
2020
2020
2020
2020
2020
2020
2020
2020
2020
2020
2020
2020
2020
2020
2020
2020
2020
2020
2020
2020
2020
2020
2020
2020
2020
2020
2020
2020
2020
2020
2020
2020
2020
2020
2020
2020
2020
2020
2020
2020
2020
2020
2020
2020
2020
2020
2020
2020
2020
2020
2020
2020
2020
2020
2020
2020
2020
2020
2020
2020
2020
2020
2020
2020
2020
2020
2020
2020
2020
2020
2020
2020
2020
2020
2020
2020
2020
2020
2020
2020
2020
2020
2020
2020
2020
2020
2020
2020
2020
2020
2020
2020
2020
2020
2020
2020
2020
2020
2020
2020
2020
2020
2020
2020
2020
2020
2020
2020
2020
2020
2020
2020
2020
2020
2020
2020
2020
2020
2020
2020
2020
2020
2020
2020
2020
2020
2020
2020
2020
2020
2020
2020
2020
2020
2020
2020
2020
2020
2020
2020
2020
2020
2020
2020
2020
2020
2020
2020
2020
2020
2061
6161
6161
2020
2020
2061
6161
6120
6161
6161
2020
2020
6161
6161
2061
6161
6120
2020
2020
2020
2061
6161
6161
2020
2e61
6161
6161
2e20
2020
2020
2e61
2020
2020
2e61
6161
612e
2020
2020
2020
2020
2060
3838
3827
2020
2020
2060
3838
2720
6038
3838
2020
202e
3850
2720
2060
3838
382e
2020
2020
2020
6438
3838
3827
2038
3838
2720
6059
3838
2e20
6138
3838
2020
2064
3850
2760
5938
6220
2020
2020
2020
2020
3838
3820
2020
2020
2020
3838
2020
2038
3838
2020
6438
2720
2020
2020
3838
3838
6220
2020
2064
5027
7c38
3820
2038
3838
2020
2020
3838
3820
2038
3838
2020
3838
3820
2020
2038
3838
2020
2020
2020
2020
3838
3820
2020
2020
2020
3838
2020
2038
3838
3838
5b20
2020
2020
2020
3838
2059
3838
2e20
6450
2020
7c38
3820
2020
6056
6261
6164
3838
3820
2038
3838
2020
3838
3820
2020
2038
3838
2020
2020
2020
2020
3838
3820
2020
2020
2020
3838
2020
2038
3838
6038
3862
2e20
2020
2020
3838
2020
6038
3838
2720
2020
7c38
3820
2020
2020
2020
2038
3838
2720
2038
3838
2020
3838
3820
2020
2038
3838
2020
2020
2020
2020
6038
382e
2020
2020
2064
3827
2020
2038
3838
2020
6038
3862
2e20
2020
3838
2020
2020
5920
2020
2020
7c38
3820
2020
2020
202e
3838
5027
2020
2038
3838
2020
6038
3862
2020
6438
3827
2020
2020
2020
2020
2020
6059
6261
6164
5027
2020
2020
6138
3838
6120
2061
3838
3861
2061
3838
6120
2020
2020
2020
2061
3838
3861
2020
202e
6150
2720
2020
2020
6138
3838
6120
2060
5938
6264
3850
2720
2020
2020
2020
2020
2020
2020
2020
2020
2020
2020
2020
2020
2020
2020
2020
2020
2020
2020
2020
2020
2020
2020
2020
2020
2020
2020
2020
2020
2020
2020
2020
2020
2020
2020
2020
2020
2020
2020
2020
2020
2020
2020
2020
2020
2020
2020
2020
2020
2020
2020
2020
2020
2020
2020
2020
2020
2020
2020
2020
2020
2020
2020
2020
2020
2020
2020
2020
2020
2020
2020
2020
2020
2020
2020
2020
2020
2020
2020
2020
2020
2020
2020
2020
2020
2020
2020
3d3d
3d3d
3d3d
3d3d
3d3d
3d3d
3d3d
3d3d
3d3d
3d3d
3d3d
3d3d
3d3d
3d3d
3d3d
3d3d
3d3d
3d3d
3d3d
3d3d
3d3d
3d3d
3d3d
3d3d
3d3d
3d3d
3d3d
3d3d
3d3d
3d3d
3d3d
3d3d
2020
2020
2020
2020
2020
2020
2020
2020
2020
2020
2020
2020
2020
2020
2020
2020
2020
2020
2020
2020
2020
2020
2020
2020
2020
2020
2020
2020
2020
2020
2020
2020
2020
2020
2020
2020
2020
2020
2020
2020
2020
2020
2020
2020
2020
2020
2020
2020
2020
2020
2020
2020
2020
2020
2020
2020
2020
2020
2020
2020
2020
2020
2020
2020
2020
2020
2020
2020
2020
2020
2020
2020
2020
2020
2020
2020
2020
2020
2020
2020
2020
2020
2020
2020
2020
2020
2020
2020
2020
2020
2020
2e64
3838
3838
3862
2e20
2020
2020
2020
2020
2064
3838
3838
2020
2020
3838
3820
2020
2020
2020
2020
2e64
3838
3838
3862
2e20
2020
2020
2020
2020
2020
2020
2020
2020
2020
2020
2020
2020
2020
2020
2064
3838
5020
2020
5938
3862
2020
2020
2020
2020
6438
3838
3838
2020
2020
3838
3820
2020
2020
2020
2064
3838
5020
2020
5938
3862
2020
2020
2020
2020
2020
2020
2020
2020
2020
2020
2020
2020
2020
2020
2038
3838
2020
2020
2038
3838
2020
2020
2020
2064
3838
5038
3838
2020
2020
3838
3820
2020
2020
2020
2038
3838
2020
2020
2038
3838
2020
2020
2020
2020
2020
2020
2020
2020
2020
2020
2020
2020
2020
2020
2038
3838
2020
2020
2020
2020
2020
2020
2020
6438
3850
2038
3838
2020
2020
3838
3820
2020
2020
2020
2038
3838
2020
2020
2020
2020
2020
2020
2020
2020
2020
2020
2020
2020
2020
2020
2020
2020
2020
2020
2038
3838
2020
2020
2020
2020
2020
2020
2064
3838
5020
2038
3838
2020
2020
3838
3820
2020
2020
2020
2038
3838
2020
2020
2020
2020
2020
2020
2020
2020
2020
2020
2020
2020
2020
2020
2020
2020
2020
2020
2038
3838
2020
2020
2038
3838
2020
2020
6438
3850
2020
2038
3838
2020
2020
3838
3820
2020
2020
2020
2038
3838
2020
2020
2038
3838
2020
2020
2020
2020
2020
2020
2020
2020
2020
2020
2020
2020
2020
2020
2059
3838
6220
2020
6438
3850
2020
2064
3838
3838
3838
3838
3838
2020
2020
3838
3861
6161
6161
2020
2059
3838
6220
2020
6438
3850
2020
2020
2020
2020
2020
2020
2020
2020
2020
2020
2020
2020
2020
2020
2020
2259
3838
3838
3850
2220
2020
6438
3850
2020
2020
2038
3838
2020
2020
3838
3838
3838
3838
2020
2020
2259
3838
3838
3850
2220
2020
2020
2020
2020
2020
2020
2020
2020
2020
2020
2020
2020
2020
2020
2020
2020
2020
2020
2020
2020
2020
2020
2020
2020
2020
2020
2020
2020
2020
2020
2020
2020
2020
2020
2020
2020
2020
2020
2020
2020
2020
2020
2020
2020
2020
2020
2020
2020
2020
2020
2020
2020
2020
2020
2020
2020
2020
2020
2020
2020
2020
2020
2020
2020
2020
2020
2020
2020
2020
2020
2020
2020
2020
2020
2020
2020
2020
2020
2020
2020
2020
2020
2020
2020
2020
2020
2020
2020
2020
2020
2020
2020
2020
2020
2020
2020
2020
2020
2020
2020
2020
2020
2020
2020
2020
2020
2020
2020
2020
2020
2020
2020
2020
2020
2020
2020
2020
2020
2020
2020
2020
2020
2020
2020
2020
2020
2020
2020
2020
2020
2020
2020
2020
2020
2020
2020
2020
2020
2020
2020
2020
2020
2020
2020
2020
2020
2020
2020
2020
2020
2020
2020
2020
2020
2020
2020
2020
2020
2020
2020
2020
2020
2020
2020
2020
2020
2020
2020
2020
2020
2020
2020
2020
2020
2020
2020
2020
2020
2020
2020
2020
2020
2020
2020
2020
2020
2020
2020
2020
2020
2020
2020
2020
2020
2020
2020
2020
2020
2020
2020
2020
2020
2020
2020
2020
2020
2020
2020
2020
2020
2020
2020
2020
2020
2020
2020
2020
2020
2020
2020
2020
2020
2020
2020
2020
2020
2020
2020
2020
2020
2020
2020
2020
2020
2020
2020
2020
2020
2020
2020
2020
2020
2020
2020
2020
2020
2020
2020
2020
2020
2020
2020
2020
2020
2020
2020
2020
2020
2020
2020
2020
2020
2020
2020
2020
2020
2020
2020
2020
2020
2020
2020
2020
2020
2020
2020
2020
2020
2020
2020
2020
2020
2020
2020
2020
2020
2020
2020
2020
2020
2020
2020
2020
2020
2020
2020
2020
2020
2020
2020
2020
2020
2020
2020
2020
2020
2020
2020
2020
2020
2020
2020
2020
2020
2020
2020
2020
2020
2020
2020
2020
2020
2020
2020
2020
2020
2020
2020
2020
2020
2020
2020
2020
2020
2020
2020
2020
2020
2020
2020
2020
2020
2020
2020
2020
2020
2020
2020
2020
2020
2020
2020
2020
2020
2020
2020
2020
2020
2020
2020
2020
2020
2020
2020
2020
2020
2020
2020
2b20
2020
2020
2020
2020
2020
2020
2020
2020
2020
2020
2020
2020
2020
2020
2020
2020
2020
2020
2020
2020
2020
2020
2020
2020
2020
2020
2020
2020
2020
2020
2020
2020
2020
2020
2020
2020
2020
2020
202b